13,	7,	5,	1,	3.60,	152,	6,	1,	0,	8,	4,	3,	0,	1.43,	357,	6,	1,	0,1
13,	7,	5,	1,	1.37,	122,	6,	1,	0,	8,	4,	3,	0,	1.35,	148,	6,	1,	0,1
13,	8,	5,	1,	4.86,	269,	6,	1,	0,	8,	4,	3,	0,	3.87,	187,	6,	1,	0,1
13,	6,	4,	1,	0.84,	333,	6,	1,	0,	8,	5,	4,	0,	1.26,	296,	5,	1,	0,1
13,	7,	5,	1,	4.54,	83,	6,	1,	0,	8,	3,	2,	0,	2.27,	58,	6,	1,	0,1
13,	6,	5,	0,	4.07,	241,	5,	1,	0,	8,	4,	3,	0,	2.19,	242,	5,1,0,1
13,	6,	4,	1,	1.27,	69,	6,	1,	0,	8,	4,	3,	0,	3.46,	282,	6,	1,0,1
13,	7,	5,	1,	4.27,	227,	6,	1,	0,	8,	4,	3,	0,	2.98,	268,	5,	1,	0,	1
13,	8,	5,	1,	0.64,	192,	5,	1,	0,	8,	5,	4,	0,	2.20,	196,	6,	1,	0,	1
13,	6,	4,	1,	2.44,	51,	6,	1,	0,	8,	5,	3,	1,	2.64,	231,	5,	1,	0,	1
13,	6,	4,	1,	4.27,	361,	6,	1,	0,	8,	3,	2,	0,	4.49,	224,	6,	1,	0,	1
13,	7,	5,	1,	2.91,	226,	6,	1,	0,	8,	5,	4,	0,	3.77,	341,	5,	1,	0,	1
13,	6,	4,	1,	1.38,	167,	6,	1,	0,	8,	3,	3,	0,	4.56,	363,	5,	1,	0,	1
13,	6,	4,	1,	4.10,	268,	5,	1,	0,	8,	4,	3,	0,	2.07,	128,	5,	1,	0,	1
13,	6,	4,	1,	4.32,	204,	6,	1,	0,	8,	4,	3,	0,	5.17,	265,	6,	1,	0,	1
13,	7,	5,	1,	2.22,	136,	5,	1,	0,	8,	5,	4,	0,	3.48,	268,	6,	1,	0,	1
13,	6,	4,	1,	5.23,	119,	6,	1,	0,	8,	5,	4,	0,	2.33,	264,	5,	1,	0,	1
13,	7,	4,	1,	4.28,	60,	6,	1,	0,	8,	4,	3,	0,	3.48,	142,	6,	1,	0,	1
13,	8,	6,	1,	2.41,	295,	5,	1,	0,	8,	4,	3,	0,	0.85,	314,	5,	1,	0,	1
13,	6,	4,	1,	0.47,	310,	5,	1,	0,	8,	4,	3,	0,	1.18,	362,	5,	1,	0,	1
13,	8,	6,	1,	2.11,	132,	6,	1,	0,	8,	4,	3,	0,	4.36,	341,	6,	1,	0,	1
13,	6,	4,	1,	4.36,	281,	5,	1,	0,	8,	5,	3,	1,	1.71,	351,	5,	1,	0,	1
13,	8,	6,	1,	1.92,	204,	5,	1,	0,	8,	5,	3,	1,	3.46,	307,	6,	1,	0,	1
13,	7,	5,	1,	3.85,	236,	5,	1,	0,	8,	4,	3,	0,	2.11,	207,	6,	1,	0,	1
13,	7,	4,	1,	2.44,	285,	5,	1,	0,	8,	3,	2,	0,	3.01,	135,	6,	1,	0,	1
13,	6,	5,	0,	5.19,	86,	5,	1,	0,	8,	4,	3,	0,	5.01,	84,	6,	1,	0,	1
13,	7,	5,	1,	3.68,	290,	6,	1,	0,	8,	4,	3,	0,	2.51,	265,	6,	1,	0,	1
13,	7,	5,	1,	4.62,	184,	6,	1,	0,	8,	4,	3,	0,	1.02,	247,	5,	1,	0,	1
13,	8,	5,	2,	3.42,	371,	5,	2,	0,	8,	4,	3,	0,	1.72,	49,	5,	1,	0,	1
13,	7,	4,	1,	5.23,	52,	6,	1,	0,	8,	4,	3,	0,	4.21,	207,	5,	1,	0,	1
13,	5,	3,	1,	2.73,	69,	5,	1,	0,	8,	4,	3,	0,	1.77,	336,	6,	1,	0,	1
13,	8,	5,	1,	4.34,	275,	5,	1,	0,	8,	5,	3,	1,	3.08,	289,	5,	1,	0,	1
13,	6,	4,	1,	0.41,	264,	5,	1,	0,	8,	3,	2,	0,	5.03,	99,	5,	1,	0,	1
13,	7,	5,	1,	1.68,	108,	5,	1,	0,	8,	4,	3,	0,	4.20,	304,	5,	1,	0,	1
13,	6,	4,	1,	4.48,	129,	6,	1,	0,	8,	4,	3,	0,	2.28,	101,	6,	1,	0,	1
13,	8,	6,	1,	3.22,	264,	6,	1,	0,	8,	4,	2,	1,	5.17,	249,	6,	2,	0,	1
13,	7,	5,	1,	2.38,	254,	5,	1,	0,	8,	4,	3,	0,	5.17,	350,	5,	1,	0,	1
13,	8,	6,	1,	4.84,	274,	5,	1,	0,	8,	3,	2,	0,	3.76,	350,	5,	1,	0,	1
13,	6,	4,	1,	0.40,	279,	5,	1,	0,	8,	4,	3,	0,	2.77,	203,	6,	1,	0,	1
13,	6,	4,	1,	1.96,	208,	5,	1,	0,	8,	5,	3,	1,	4.01,	249,	5,	1,	0,	1
13,	7,	4,	1,	4.88,	247,	5,	1,	0,	8,	4,	3,	0,	3.30,	112,	5,	1,	0,	1
13,	6,	4,	1,	4.72,	191,	6,	1,	0,	8,	3,	3,	0,	2.14,	48,	5,	1,	0,	1
13,	7,	4,	1,	1.79,	160,	6,	1,	0,	8,	4,	3,	0,	4.93,	100,	5,	1,	0,	1
13,	6,	4,	1,	0.76,	130,	6,	1,	0,	8,	4,	3,	0,	4.94,	54,	5,	1,	0,	1
13,	7,	5,	1,	3.50,	181,	5,	1,	0,	8,	5,	4,	0,	1.32,	177,	6,	1,	0,	1
13,	6,	4,	1,	3.25,	294,	5,	1,	0,	8,	5,	3,	1,	4.96,	318,	5,	1,	0,	1
13,	7,	5,	1,	1.34,	170,	6,	1,	0,	8,	3,	2,	0,	1.79,	120,	5,	1,	0,	1
13,	7,	5,	1,	3.71,	54,	6,	1,	0,	8,	4,	3,	0,	4.85,	247,	5,	1,	0,	1
13,	7,	4,	1,	3.33,	236,	6,	1,	0,	8,	4,	3,	0,	3.65,	97,	5,	1,	0,	1
13,	6,	4,	1,	4.65,	108,	5,	1,	0,	8,	4,	3,	0,	4.18,	222,	6,	1,	0,	1
13,	6,	4,	1,	0.51,	265,	6,	1,	0,	8,	4,	3,	0,	0.95,	237,	6,	1,	0,	1
13,	6,	4,	1,	1.00,	288,	5,	1,	0,	8,	5,	4,	0,	5.39,	75,	6,	1,	0,	1
13,	6,	4,	1,	1.36,	194,	6,	1,	0,	8,	4,	3,	0,	1.82,	260,	5,	1,	0,	1
13,	8,	5,	1,	5.35,	302,	5,	1,	0,	8,	4,	3,	0,	0.43,	197,	6,	1,	0,	1
13,	7,	4,	2,	2.95,	340,	5,	2,	0,	8,	3,	2,	0,	3.68,	94,	5,	1,	0,	1
13,	8,	5,	1,	4.16,	136,	5,	1,	0,	8,	5,	3,	1,	1.23,	197,	6,	1,	0,	1
13,	6,	4,	1,	5.39,	188,	5,	1,	0,	8,	4,	3,	0,	2.10,	137,	5,	1,	0,	1
13,	7,	5,	1,	4.15,	83,	6,	1,	0,	8,	5,	4,	0,	2.04,	348,	5,	1,	0,	1
13,	6,	4,	1,	3.42,	75,	5,	1,	0,	8,	5,	3,	1,	5.35,	202,	5,	1,	0,	1
13,	5,	4,	0,	2.43,	225,	6,	1,	0,	8,	4,	3,	0,	4.85,	314,	5,	1,	0,	1
13,	7,	4,	1,	3.40,	49,	5,	1,	0,	8,	4,	3,	0,	2.28,	186,	6,	1,	0,	1
13,	7,	5,	1,	1.36,	72,	5,	1,	0,	8,	4,	2,	1,	3.83,	234,	5,	2,	0,	1
13,	6,	4,	1,	5.05,	355,	6,	1,	0,	8,	4,	3,	0,	4.12,	95,	6,	1,	0,	1
13,	7,	5,	1,	4.61,	86,	5,	1,	0,	8,	4,	3,	0,	2.29,	250,	5,	1,	0,	1
13,	6,	4,	1,	5.39,	181,	6,	1,	0,	8,	5,	3,	1,	4.85,	62,	6,	1,	0,	1
13,	7,	4,	1,	2.14,	156,	6,	1,	0,	8,	5,	3,	1,	4.44,	339,	5,	1,	0,	1
13,	7,	5,	1,	1.84,	149,	5,	1,	0,	8,	4,	3,	0,	0.51,	140,	5,	1,	0,	1
13,	6,	4,	1,	3.89,	278,	6,	1,	0,	8,	3,	3,	0,	3.78,	168,	6,	1,	0,	1
13,	7,	5,	1,	2.28,	139,	5,	1,	0,	8,	4,	3,	0,	3.94,	63,	5,	1,	0,	1
13,	7,	4,	1,	1.31,	228,	5,	1,	0,	8,	4,	3,	0,	5.03,	267,	5,	1,	0,	1
13,	7,	5,	1,	3.34,	234,	5,	1,	0,	8,	4,	3,	0,	2.65,	90,	5,	1,	0,	1
13,	6,	4,	1,	1.76,	272,	5,	1,	0,	8,	4,	3,	0,	4.65,	201,	5,	1,	0,	1
13,	7,	5,	1,	2.16,	143,	5,	1,	0,	8,	4,	3,	0,	1.37,	291,	6,	1,	0,	1
13,	6,	5,	0,	3.66,	200,	6,	1,	0,	8,	5,	4,	0,	3.41,	289,	5,	1,	0,	1
13,	7,	5,	1,	3.77,	317,	6,	1,	0,	8,	5,	4,	0,	5.14,	336,	6,	1,	0,	1
13,	6,	4,	1,	3.74,	137,	5,	1,	0,	8,	4,	3,	0,	1.26,	366,	6,	1,	0,	1
13,	6,	4,	1,	3.88,	368,	6,	1,	0,	8,	3,	2,	0,	2.46,	339,	6,	1,	0,	1
13,	8,	5,	1,	1.53,	245,	6,	1,	0,	8,	4,	3,	0,	1.93,	133,	6,	1,	0,	1
13,	7,	4,	1,	2.30,	49,	5,	1,	0,	8,	4,	3,	0,	1.34,	267,	5,	1,	0,	1
13,	8,	6,	1,	4.81,	356,	6,	1,	0,	8,	4,	3,	0,	2.18,	98,	6,	1,	0,	1
13,	7,	5,	1,	4.76,	49,	5,	1,	0,	8,	4,	3,	0,	4.75,	130,	6,	1,	0,	1
13,	7,	4,	1,	2.29,	219,	5,	1,	0,	8,	5,	3,	1,	3.55,	63,	5,	1,	0,	1
13,	6,	4,	1,	1.22,	212,	5,	1,	0,	8,	4,	3,	0,	0.91,	139,	5,	1,	0,	1
13,	7,	4,	2,	2.85,	124,	6,	2,	0,	8,	4,	3,	0,	4.37,	47,	6,	1,	0,	1
13,	6,	5,	0,	3.40,	322,	5,	1,	0,	8,	5,	3,	1,	2.20,	273,	5,	1,	0,	1
13,	7,	4,	1,	3.76,	182,	5,	1,	0,	8,	4,	3,	0,	0.41,	222,	5,	1,	0,	1
13,	6,	4,	1,	3.76,	214,	6,	1,	0,	8,	4,	3,	0,	0.57,	181,	6,	1,	0,	1
13,	6,	5,	0,	2.99,	87,	5,	1,	0,	8,	3,	2,	0,	4.08,	221,	6,	1,	0,	1
13,	6,	4,	1,	4.02,	66,	6,	1,	0,	8,	4,	3,	0,	5.30,	266,	5,	1,	0,	1
13,	8,	5,	1,	0.93,	188,	6,	1,	0,	8,	4,	3,	0,	2.33,	126,	5,	1,	0,	1
13,	7,	4,	1,	5.39,	103,	5,	1,	0,	8,	4,	3,	0,	2.47,	108,	6,	1,	0,	1
13,	8,	5,	1,	4.74,	234,	6,	1,	0,	8,	3,	2,	0,	0.76,	66,	6,	1,	0,	1
13,	8,	5,	1,	3.10,	347,	5,	1,	0,	8,	3,	2,	0,	3.83,	108,	5,	1,	0,	1
13,	6,	4,	1,	1.85,	276,	5,	1,	0,	8,	4,	3,	0,	2.91,	63,	5,	1,	0,	1
13,	5,	3,	1,	1.82,	329,	6,	1,	0,	8,	3,	2,	0,	2.73,	311,	6,	1,	0,	1
13,	8,	5,	1,	0.82,	281,	5,	1,	0,	8,	4,	3,	0,	0.61,	156,	5,	1,	0,	1
13,	6,	4,	1,	5.14,	321,	6,	1,	0,	8,	4,	3,	0,	1.74,	191,	6,	1,	0,	1
13,	6,	3,	1,	3.22,	109,	5,	1,	0,	8,	3,	2,	0,	4.54,	102,	6,	1,	0,	1
13,	7,	4,	1,	4.71,	115,	6,	1,	0,	8,	4,	3,	0,	4.35,	191,	6,	1,	0,	1
13,	6,	3,	1,	4.70,	118,	6,	1,	0,	8,	4,	3,	0,	0.51,	184,	5,	1,	0,	1
13,	6,	3,	2,	4.31,	433,	3,	2,	0,	8,	5,	2,	2,	3.55,	413,	3,	2,	0,	2
13,	7,	2,	3,	5.43,	428,	3,	2,	0,	8,	5,	2,	1,	4.82,	393,	4,	1,	0,	2
13,	7,	3,	2,	2.30,	253,	4,	2,	0,	8,	5,	2,	2,	2.56,	301,	3,	2,	0,	2
13,	8,	2,	3,	2.38,	248,	3,	2,	0,	8,	5,	2,	2,	4.75,	427,	3,	2,	0,	2
13,	8,	4,	2,	5.72,	235,	4,	2,	0,	8,	4,	1,	2,	2.50,	466,	3,	2,	0,	2
13,	7,	3,	3,	1.59,	407,	4,	2,	0,	8,	5,	2,	1,	4.84,	457,	3,	1,	0,	2
13,	7,	3,	3,	5.25,	263,	4,	2,	0,	8,	4,	2,	1,	5.64,	469,	4,	2,	0,	2
13,	7,	2,	3,	3.07,	178,	4,	2,	0,	8,	4,	2,	1,	5.08,	486,	3,	2,	0,	2
13,	8,	4,	2,	4.95,	368,	3,	2,	0,	8,	4,	2,	1,	6.18,	232,	4,	2,	0,	2
13,	6,	2,	2,	5.37,	359,	3,	2,	0,	8,	4,	2,	1,	5.97,	180,	4,	2,	0,	2
13,	8,	3,	3,	3.20,	354,	3,	2,	0,	8,	4,	2,	1,	1.71,	409,	3,	2,	0,	2
13,	8,	3,	3,	4.13,	338,	3,	2,	0,	8,	4,	2,	1,	4.20,	462,	3,	2,	0,	2
13,	9,	4,	3,	4.67,	485,	4,	2,	0,	8,	4,	1,	1,	3.95,	292,	4,	2,	0,	2
13,	8,	3,	3,	1.84,	226,	3,	2,	0,	8,	4,	2,	1,	1.87,	336,	4,	2,	0,	2
13,	8,	3,	4,	3.78,	492,	3,	2,	0,	8,	5,	2,	1,	4.56,	182,	4,	1,	0,	2
13,	8,	3,	3,	4.56,	228,	4,	2,	0,	8,	5,	2,	1,	1.36,	416,	3,	1,	0,	2
13,	8,	3,	4,	6.01,	209,	4,	2,	0,	8,	4,	2,	1,	2.99,	234,	4,	2,	0,	2
13,	7,	2,	3,	3.84,	206,	3,	2,	0,	8,	4,	1,	2,	5.39,	324,	4,	2,	0,	2
13,	8,	4,	2,	1.69,	181,	3,	2,	0,	8,	5,	3,	1,	5.68,	301,	4,	1,	0,	2
13,	7,	3,	3,	1.72,	353,	4,	2,	0,	8,	5,	2,	1,	3.21,	185,	4,	1,	0,	2
13,	8,	3,	3,	5.44,	396,	4,	2,	0,	8,	4,	2,	1,	2.94,	330,	4,	2,	0,	2
13,	7,	3,	2,	5.87,	283,	4,	2,	0,	8,	4,	2,	1,	1.52,	169,	4,	2,	0,	2
13,	6,	2,	2,	5.51,	171,	4,	2,	0,	8,	4,	2,	1,	2.49,	474,	4,	2,	0,	2
13,	7,	3,	3,	4.85,	225,	4,	2,	0,	8,	4,	2,	1,	2.26,	430,	4,	2,	0,	2
13,	8,	2,	4,	5.44,	314,	3,	2,	0,	8,	4,	2,	1,	2.22,	260,	3,	2,	0,	2
13,	8,	3,	3,	5.11,	314,	3,	2,	0,	8,	5,	2,	1,	1.71,	220,	3,	1,	0,	2
13,	6,	3,	2,	5.42,	395,	4,	2,	0,	8,	5,	2,	1,	4.03,	224,	3,	1,	0,	2
13,	8,	3,	3,	3.78,	359,	3,	2,	0,	8,	4,	2,	1,	6.17,	457,	3,	2,	0,	2
13,	7,	3,	2,	4.58,	242,	3,	2,	0,	8,	5,	2,	1,	3.44,	306,	4,	1,	0,	2
13,	7,	3,	2,	3.44,	351,	3,	2,	0,	8,	4,	2,	1,	4.02,	328,	3,	2,	0,	2
13,	7,	3,	3,	2.75,	323,	4,	2,	0,	8,	4,	2,	1,	1.64,	444,	4,	2,	0,	2
13,	7,	3,	2,	3.53,	256,	4,	2,	0,	8,	4,	2,	1,	6.16,	233,	4,	2,	0,	2
13,	7,	2,	3,	5.49,	270,	4,	2,	0,	8,	5,	3,	1,	1.32,	482,	3,	1,	0,	2
13,	7,	3,	2,	1.91,	434,	3,	2,	0,	8,	5,	2,	2,	3.62,	373,	3,	2,	0,	2
13,	7,	3,	3,	5.56,	482,	4,	2,	0,	8,	4,	2,	1,	1.87,	449,	3,	2,	0,	2
13,	7,	3,	3,	2.47,	281,	4,	2,	0,	8,	5,	2,	2,	3.71,	239,	4,	2,	0,	2
13,	9,	4,	3,	4.68,	222,	4,	2,	0,	8,	4,	2,	1,	2.67,	475,	3,	2,	0,	2
13,	7,	3,	2,	6.17,	405,	4,	2,	0,	8,	5,	2,	2,	4.54,	324,	3,	2,	0,	2
13,	7,	2,	3,	5.82,	197,	4,	2,	0,	8,	5,	2,	2,	4.43,	416,	4,	2,	0,	2
13,	8,	4,	2,	4.86,	284,	3,	2,	0,	8,	5,	3,	1,	1.55,	407,	3,	1,	0,	2
13,	8,	2,	4,	4.96,	488,	4,	2,	0,	8,	5,	2,	2,	3.22,	291,	3,	2,	0,	2
13,	9,	3,	4,	3.81,	185,	4,	2,	0,	8,	5,	2,	2,	2.56,	295,	3,	2,	0,	2
13,	6,	2,	2,	5.26,	460,	4,	2,	0,	8,	5,	2,	2,	2.52,	246,	3,	2,	0,	2
13,	7,	3,	2,	4.80,	284,	3,	2,	0,	8,	5,	2,	2,	3.77,	477,	4,	2,	0,	2
13,	8,	4,	2,	4.83,	303,	3,	2,	0,	8,	4,	2,	1,	1.86,	489,	3,	2,	0,	2
13,	9,	3,	3,	5.49,	203,	3,	2,	0,	8,	5,	2,	1,	3.64,	403,	3,	1,	0,	2
13,	7,	3,	3,	2.66,	400,	3,	2,	0,	8,	4,	2,	1,	3.00,	278,	4,	2,	0,	2
13,	8,	4,	3,	4.36,	378,	4,	2,	0,	8,	5,	2,	2,	6.17,	311,	3,	2,	0,	2
13,	7,	4,	2,	3.96,	174,	4,	2,	0,	8,	4,	2,	1,	4.06,	402,	4,	2,	0,	2
13,	6,	2,	2,	5.30,	261,	4,	2,	0,	8,	5,	2,	2,	4.62,	421,	3,	2,	0,	2
13,	8,	4,	2,	2.65,	431,	4,	2,	0,	8,	4,	2,	1,	4.58,	184,	4,	2,	0,	2
13,	7,	3,	3,	5.98,	345,	4,	2,	0,	8,	5,	2,	2,	1.93,	168,	4,	2,	0,	2
13,	7,	2,	3,	4.52,	264,	3,	2,	0,	8,	5,	2,	2,	1.43,	329,	4,	2,	0,	2
13,	7,	3,	2,	5.30,	431,	4,	2,	0,	8,	4,	2,	1,	1.38,	190,	4,	2,	0,	2
13,	6,	3,	2,	3.63,	172,	3,	2,	0,	8,	5,	2,	1,	2.71,	289,	3,	1,	0,	2
13,	8,	4,	3,	5.59,	464,	4,	2,	0,	8,	4,	2,	1,	2.15,	245,	3,	2,	0,	2
13,	6,	2,	2,	1.43,	322,	4,	2,	0,	8,	4,	2,	1,	2.35,	309,	4,	2,	0,	2
13,	8,	4,	2,	3.93,	327,	3,	2,	0,	8,	4,	2,	1,	2.44,	393,	4,	2,	0,	2
13,	7,	3,	3,	2.89,	322,	3,	2,	0,	8,	4,	2,	1,	4.82,	183,	4,	2,	0,	2
13,	7,	2,	3,	2.00,	330,	3,	2,	0,	8,	5,	2,	2,	4.37,	419,	4,	2,	0,	2
13,	7,	3,	3,	4.90,	178,	4,	2,	0,	8,	4,	2,	1,	5.90,	462,	3,	2,	0,	2
13,	8,	3,	3,	3.43,	226,	3,	2,	0,	8,	5,	2,	2,	4.10,	414,	3,	2,	0,	2
13,	7,	3,	2,	2.35,	417,	3,	2,	0,	8,	5,	3,	1,	4.81,	206,	4,	1,	0,	2
13,	9,	3,	4,	4.80,	410,	4,	2,	0,	8,	5,	2,	2,	5.41,	341,	4,	2,	0,	2
13,	7,	2,	3,	5.60,	412,	3,	2,	0,	8,	5,	2,	1,	1.35,	432,	4,	1,	0,	2
13,	8,	4,	2,	1.44,	312,	3,	2,	0,	8,	5,	2,	2,	5.84,	407,	4,	2,	0,	2
13,	7,	4,	2,	5.38,	334,	4,	2,	0,	8,	5,	2,	2,	4.99,	317,	4,	2,	0,	2
13,	7,	2,	3,	6.06,	262,	4,	2,	0,	8,	4,	2,	1,	5.83,	448,	3,	2,	0,	2
13,	8,	2,	3,	4.58,	202,	4,	2,	0,	8,	5,	2,	2,	4.61,	373,	4,	2,	0,	2
13,	7,	3,	3,	4.72,	363,	4,	2,	0,	8,	5,	2,	2,	3.29,	397,	4,	2,	0,	2
13,	8,	3,	3,	4.85,	486,	4,	2,	0,	8,	4,	1,	1,	4.43,	208,	4,	2,	0,	2
13,	8,	3,	4,	1.25,	330,	4,	2,	0,	8,	4,	2,	1,	3.18,	475,	4,	2,	0,	2
13,	8,	3,	3,	3.03,	318,	4,	2,	0,	8,	4,	2,	1,	4.16,	188,	4,	2,	0,	2
13,	9,	4,	3,	4.54,	487,	4,	2,	0,	8,	4,	2,	1,	2.28,	164,	3,	2,	0,	2
13,	8,	3,	4,	2.49,	422,	4,	2,	0,	8,	4,	2,	1,	5.48,	357,	4,	2,	0,	2
13,	8,	3,	3,	4.37,	453,	4,	2,	0,	8,	5,	2,	2,	5.77,	328,	3,	2,	0,	2
13,	8,	2,	4,	5.08,	334,	4,	2,	0,	8,	5,	2,	2,	6.20,	268,	4,	2,	0,	2
13,	8,	4,	3,	1.61,	413,	3,	2,	0,	8,	4,	1,	1,	1.92,	311,	4,	2,	0,	2
13,	9,	3,	4,	3.52,	385,	4,	2,	0,	8,	4,	2,	1,	5.79,	297,	4,	2,	0,	2
13,	8,	3,	3,	1.71,	259,	3,	2,	0,	8,	5,	2,	2,	4.57,	410,	3,	2,	0,	2
13,	8,	4,	2,	3.09,	286,	4,	2,	0,	8,	4,	2,	1,	3.60,	438,	4,	2,	0,	2
13,	7,	3,	2,	5.41,	387,	3,	2,	0,	8,	5,	2,	2,	4.46,	445,	4,	2,	0,	2
13,	6,	3,	2,	3.61,	379,	3,	2,	0,	8,	5,	2,	1,	2.22,	389,	3,	1,	0,	2
13,	7,	3,	3,	1.35,	478,	4,	2,	0,	8,	4,	2,	1,	5.45,	392,	3,	2,	0,	2
13,	9,	3,	4,	3.79,	167,	3,	2,	0,	8,	4,	2,	1,	3.04,	489,	4,	2,	0,	2
13,	7,	4,	2,	4.89,	470,	3,	2,	0,	8,	5,	2,	2,	1.73,	296,	3,	2,	0,	2
13,	7,	3,	2,	5.19,	207,	3,	2,	0,	8,	5,	3,	1,	2.48,	420,	3,	1,	0,	2
13,	7,	2,	3,	1.82,	256,	3,	2,	0,	8,	5,	2,	2,	1.73,	173,	3,	2,	0,	2
13,	6,	2,	3,	4.72,	480,	4,	2,	0,	8,	4,	2,	1,	1.26,	332,	3,	2,	0,	2
13,	8,	3,	3,	4.77,	268,	3,	2,	0,	8,	4,	1,	2,	5.43,	443,	4,	2,	0,	2
13,	8,	4,	3,	4.63,	218,	4,	2,	0,	8,	4,	2,	1,	5.72,	473,	4,	2,	0,	2
13,	7,	3,	2,	4.15,	250,	3,	2,	0,	8,	5,	2,	2,	2.80,	279,	3,	2,	0,	2
13,	9,	3,	4,	3.98,	413,	4,	2,	0,	8,	4,	2,	1,	5.19,	225,	3,	2,	0,	2
13,	9,	4,	3,	3.91,	266,	4,	2,	0,	8,	4,	2,	1,	1.29,	252,	3,	2,	0,	2
13,	8,	3,	3,	4.49,	198,	3,	2,	0,	8,	4,	2,	1,	5.07,	470,	4,	2,	0,	2
13,	7,	2,	3,	1.37,	303,	3,	2,	0,	8,	5,	2,	2,	3.55,	387,	4,	2,	0,	2
13,	8,	4,	2,	4.81,	240,	3,	2,	0,	8,	5,	2,	2,	5.63,	387,	3,	2,	0,	2
13,	8,	2,	4,	4.79,	387,	3,	2,	0,	8,	4,	2,	1,	5.39,	223,	4,	2,	0,	2
13,	7,	3,	2,	2.15,	477,	3,	2,	0,	8,	4,	2,	1,	2.45,	309,	4,	2,	0,	2
13,	8,	3,	3,	3.07,	482,	3,	2,	0,	8,	5,	2,	2,	3.56,	473,	3,	2,	0,	2
13,	10,	2,	6,	1.99,	800,	3,	2,	0,	8,	6,	2,	3,	3.94,	573,	2,	2,	0,	3
13,	11,	4,	6,	4.94,	591,	3,	2,	0,	8,	6,	1,	5,	3.24,	692,	3,	3,	0,	3
13,	10,	2,	7,	4.21,	617,	3,	2,	0,	8,	6,	1,	4,	2.26,	592,	2,	2,	0,	3
13,	10,	3,	5,	4.41,	627,	3,	2,	0,	8,	6,	2,	3,	6.12,	587,	3,	2,	0,	3
13,	11,	4,	5,	4.26,	581,	2,	2,	0,	8,	5,	1,	3,	3.66,	563,	4,	2,	0,	3
13,	11,	3,	7,	6.87,	679,	4,	2,	0,	8,	7,	2,	4,	4.54,	478,	4,	2,	0,	3
13,	11,	2,	8,	4.08,	621,	2,	3,	0,	8,	6,	2,	3,	5.74,	604,	4,	2,	0,	3
13,	9,	2,	5,	3.50,	715,	3,	2,	0,	8,	7,	2,	4,	3.48,	798,	4,	2,	0,	3
13,	9,	2,	5,	3.72,	695,	3,	2,	0,	8,	6,	1,	4,	4.91,	708,	3,	2,	0,	3
13,	8,	2,	5,	5.89,	612,	3,	2,	0,	8,	6,	2,	3,	4.53,	705,	2,	2,	0,	3
13,	10,	2,	6,	2.17,	686,	2,	2,	0,	8,	6,	1,	4,	6.29,	585,	3,	2,	0,	3
13,	9,	2,	6,	3.97,	508,	3,	2,	0,	8,	6,	2,	3,	3.09,	760,	3,	2,	0,	3
13,	10,	2,	7,	6.81,	631,	3,	2,	0,	8,	5,	2,	2,	2.32,	640,	4,	2,	0,	3
13,	10,	3,	6,	5.53,	706,	2,	2,	0,	8,	6,	1,	4,	5.65,	722,	2,	2,	0,	3
13,	10,	2,	6,	1.90,	650,	3,	2,	0,	8,	6,	1,	4,	4.08,	598,	3,	2,	0,	3
13,	9,	1,	6,	4.03,	640,	2,	2,	0,	8,	7,	2,	4,	2.60,	745,	2,	2,	0,	3
13,	9,	2,	6,	4.87,	757,	3,	2,	0,	8,	5,	1,	3,	2.30,	761,	2,	2,	0,	3
13,	10,	2,	6,	5.70,	545,	3,	2,	0,	8,	6,	1,	4,	5.80,	517,	4,	2,	0,	3
13,	10,	3,	6,	5.05,	520,	3,	2,	0,	8,	6,	2,	3,	6.35,	693,	2,	2,	0,	3
13,	9,	3,	5,	4.37,	539,	2,	2,	0,	8,	6,	2,	3,	3.39,	585,	3,	2,	0,	3
13,	10,	3,	5,	5.53,	660,	3,	2,	0,	8,	6,	2,	4,	2.24,	486,	3,	2,	0,	3
13,	11,	2,	7,	4.27,	652,	3,	2,	0,	8,	6,	2,	3,	3.42,	516,	2,	2,	0,	3
13,	9,	3,	5,	2.69,	805,	4,	2,	0,	8,	7,	1,	5,	2.64,	561,	2,	3,	0,	3
13,	10,	1,	8,	2.18,	498,	3,	3,	0,	8,	6,	2,	3,	3.77,	784,	3,	2,	0,	3
13,	11,	2,	8,	5.15,	594,	4,	3,	0,	8,	7,	2,	4,	2.00,	591,	4,	2,	0,	3
13,	9,	3,	5,	5.65,	764,	4,	2,	0,	8,	6,	2,	3,	3.37,	558,	4,	2,	0,	3
13,	10,	3,	5,	6.40,	631,	2,	2,	0,	8,	6,	2,	3,	3.31,	711,	2,	2,	0,	3
13,	8,	2,	5,	6.80,	539,	4,	2,	0,	8,	5,	1,	3,	4.41,	552,	2,	2,	0,	3
13,	10,	2,	7,	2.23,	783,	4,	2,	0,	8,	6,	1,	4,	4.91,	567,	2,	2,	0,	3
13,	11,	4,	6,	2.75,	771,	2,	2,	0,	8,	5,	1,	3,	3.02,	803,	4,	2,	0,	3
13,	10,	2,	7,	5.86,	482,	2,	2,	0,	8,	6,	2,	3,	4.86,	787,	3,	2,	0,	3
13,	9,	3,	5,	2.61,	631,	3,	2,	0,	8,	6,	2,	3,	4.60,	479,	4,	2,	0,	3
13,	10,	3,	6,	2.49,	733,	3,	2,	0,	8,	6,	2,	3,	2.31,	604,	3,	2,	0,	3
13,	9,	1,	6,	2.22,	736,	3,	2,	0,	8,	6,	2,	3,	5.55,	597,	3,	2,	0,	3
13,	11,	3,	6,	6.77,	699,	3,	2,	0,	8,	7,	2,	4,	2.64,	524,	3,	2,	0,	3
13,	10,	2,	6,	2.33,	671,	3,	2,	0,	8,	5,	2,	2,	2.00,	581,	3,	2,	0,	3
13,	11,	2,	8,	3.32,	717,	3,	3,	0,	8,	6,	2,	3,	6.51,	714,	4,	2,	0,	3
13,	9,	2,	5,	5.11,	629,	3,	2,	0,	8,	6,	2,	3,	6.40,	717,	2,	2,	0,	3
13,	10,	2,	6,	3.82,	659,	4,	2,	0,	8,	6,	2,	3,	2.01,	503,	4,	2,	0,	3
13,	10,	2,	6,	3.69,	542,	2,	2,	0,	8,	5,	2,	2,	4.18,	551,	2,	2,	0,	3
13,	9,	2,	5,	2.31,	703,	4,	2,	0,	8,	5,	1,	3,	6.57,	749,	3,	2,	0,	3
13,	9,	2,	6,	2.05,	478,	3,	2,	0,	8,	7,	3,	3,	3.88,	749,	3,	2,	0,	3
13,	11,	2,	8,	3.38,	685,	3,	3,	0,	8,	6,	2,	3,	4.44,	793,	3,	2,	0,	3
13,	11,	3,	7,	6.53,	504,	3,	2,	0,	8,	6,	2,	3,	2.99,	644,	3,	2,	0,	3
13,	9,	2,	6,	2.15,	653,	2,	2,	0,	8,	5,	1,	3,	2.84,	507,	4,	2,	0,	3
13,	10,	2,	6,	4.02,	661,	3,	2,	0,	8,	6,	2,	3,	2.26,	710,	3,	2,	0,	3
13,	9,	2,	6,	3.30,	610,	3,	2,	0,	8,	6,	2,	3,	3.53,	781,	2,	2,	0,	3
13,	9,	3,	5,	4.21,	562,	3,	2,	0,	8,	7,	1,	4,	5.69,	570,	3,	2,	0,	3
13,	11,	2,	8,	2.40,	648,	2,	3,	0,	8,	6,	2,	3,	2.21,	727,	4,	2,	0,	3
13,	10,	3,	6,	5.98,	762,	3,	2,	0,	8,	6,	2,	3,	2.81,	744,	4,	2,	0,	3
13,	9,	2,	6,	5.71,	556,	2,	2,	0,	8,	6,	1,	4,	4.03,	582,	2,	2,	0,	3
13,	10,	2,	7,	4.75,	638,	3,	2,	0,	8,	6,	2,	3,	4.06,	673,	3,	2,	0,	3
13,	9,	2,	7,	4.12,	525,	3,	2,	0,	8,	7,	2,	4,	4.78,	671,	3,	2,	0,	3
13,	11,	2,	7,	3.16,	630,	3,	2,	0,	8,	6,	1,	4,	4.37,	542,	2,	2,	0,	3
13,	9,	3,	5,	2.36,	573,	3,	2,	0,	8,	5,	2,	2,	6.85,	547,	2,	2,	0,	3
13,	9,	2,	5,	5.05,	765,	4,	2,	0,	8,	6,	2,	3,	4.91,	604,	4,	2,	0,	3
13,	9,	2,	6,	3.96,	615,	3,	2,	0,	8,	6,	1,	4,	6.63,	515,	3,	2,	0,	3
13,	9,	2,	5,	5.80,	593,	3,	2,	0,	8,	5,	2,	2,	5.87,	638,	4,	2,	0,	3
13,	10,	3,	5,	6.77,	621,	2,	2,	0,	8,	7,	2,	4,	5.78,	531,	2,	2,	0,	3
13,	10,	3,	6,	3.36,	767,	2,	2,	0,	8,	6,	2,	3,	6.50,	564,	3,	2,	0,	3
13,	11,	2,	8,	2.32,	616,	4,	3,	0,	8,	6,	2,	3,	2.73,	807,	3,	2,	0,	3
13,	11,	2,	8,	3.69,	726,	3,	3,	0,	8,	5,	2,	2,	6.08,	772,	3,	2,	0,	3
13,	10,	3,	6,	3.82,	759,	2,	2,	0,	8,	7,	2,	4,	5.23,	498,	4,	2,	0,	3
13,	9,	2,	6,	3.39,	803,	2,	2,	0,	8,	6,	1,	4,	3.28,	601,	4,	2,	0,	3
13,	9,	2,	5,	4.31,	676,	4,	2,	0,	8,	6,	2,	3,	3.87,	788,	3,	2,	0,	3
13,	11,	2,	8,	3.65,	646,	2,	3,	0,	8,	6,	2,	3,	4.66,	612,	3,	2,	0,	3
13,	11,	3,	7,	6.75,	692,	3,	2,	0,	8,	7,	2,	4,	2.15,	548,	3,	2,	0,	3
13,	10,	2,	6,	3.70,	549,	4,	2,	0,	8,	6,	2,	3,	4.52,	711,	3,	2,	0,	3
13,	9,	2,	6,	2.81,	770,	3,	2,	0,	8,	6,	1,	4,	5.68,	727,	3,	2,	0,	3
13,	11,	2,	8,	6.55,	617,	3,	3,	0,	8,	5,	1,	3,	6.37,	556,	3,	2,	0,	3
13,	11,	2,	8,	3.32,	622,	3,	3,	0,	8,	6,	2,	3,	2.59,	518,	3,	2,	0,	3
13,	10,	3,	6,	5.84,	602,	4,	2,	0,	8,	7,	3,	3,	4.61,	528,	3,	2,	0,	3
13,	11,	3,	7,	2.41,	635,	3,	2,	0,	8,	6,	2,	3,	2.44,	578,	3,	2,	0,	3
13,	9,	2,	5,	6.04,	676,	3,	2,	0,	8,	6,	2,	3,	3.72,	765,	3,	2,	0,	3
13,	9,	3,	5,	4.69,	633,	4,	2,	0,	8,	7,	2,	4,	6.34,	714,	4,	2,	0,	3
13,	9,	3,	4,	6.11,	643,	4,	2,	0,	8,	6,	2,	3,	5.50,	761,	3,	2,	0,	3
13,	11,	2,	8,	3.98,	663,	4,	3,	0,	8,	6,	1,	4,	2.65,	489,	2,	2,	0,	3
13,	11,	4,	5,	4.41,	539,	3,	2,	0,	8,	5,	2,	2,	5.21,	519,	4,	2,	0,	3
13,	10,	3,	6,	3.62,	800,	2,	2,	0,	8,	6,	2,	3,	3.71,	791,	3,	2,	0,	3
13,	10,	2,	7,	4.61,	532,	3,	2,	0,	8,	7,	2,	4,	6.37,	608,	2,	2,	0,	3
13,	9,	2,	6,	6.21,	732,	3,	2,	0,	8,	7,	1,	4,	3.76,	664,	3,	2,	0,	3
13,	9,	3,	5,	3.60,	664,	2,	2,	0,	8,	6,	1,	4,	4.66,	689,	4,	2,	0,	3
13,	10,	2,	6,	3.22,	519,	3,	2,	0,	8,	5,	1,	3,	5.31,	521,	4,	2,	0,	3
13,	9,	3,	5,	5.00,	538,	4,	2,	0,	8,	6,	2,	3,	4.45,	651,	2,	2,	0,	3
13,	9,	2,	6,	4.14,	691,	3,	2,	0,	8,	6,	2,	3,	4.41,	740,	4,	2,	0,	3
13,	11,	2,	9,	2.13,	792,	2,	3,	0,	8,	7,	2,	5,	4.89,	488,	3,	3,	0,	3
13,	10,	3,	6,	6.73,	773,	3,	2,	0,	8,	6,	1,	4,	4.10,	761,	4,	2,	0,	3
13,	9,	3,	5,	3.19,	613,	3,	2,	0,	8,	7,	2,	4,	6.36,	550,	2,	2,	0,	3
13,	9,	3,	4,	3.50,	527,	3,	2,	0,	8,	6,	2,	3,	4.16,	503,	3,	2,	0,	3
13,	9,	3,	5,	4.71,	760,	4,	2,	0,	8,	5,	2,	2,	4.41,	543,	2,	2,	0,	3
13,	9,	3,	5,	3.16,	613,	4,	2,	0,	8,	6,	2,	3,	5.60,	731,	2,	2,	0,	3
13,	10,	1,	8,	3.41,	488,	4,	3,	0,	8,	7,	2,	5,	3.54,	720,	3,	3,	0,	3
13,	9,	3,	5,	4.19,	635,	3,	2,	0,	8,	7,	2,	4,	2.54,	609,	4,	2,	0,	3
13,	10,	2,	7,	3.41,	484,	3,	2,	0,	8,	7,	2,	4,	5.96,	520,	2,	2,	0,	3
13,	9,	3,	5,	2.76,	731,	2,	2,	0,	8,	6,	1,	4,	3.15,	709,	3,	2,	0,	3
13,	9,	2,	6,	4.83,	701,	4,	2,	0,	8,	6,	1,	4,	5.91,	625,	3,	2,	0,	3
13,	9,	2,	6,	2.45,	738,	2,	2,	0,	8,	7,	3,	3,	4.52,	770,	3,	2,	0,	3
13,	10,	3,	5,	2.68,	493,	4,	2,	0,	8,	5,	1,	3,	3.33,	751,	3,	2,	0,	3
13,	10,	3,	6,	5.69,	609,	2,	2,	0,	8,	5,	1,	4,	2.42,	620,	3,	2,	0,	3
13,	10,	2,	7,	4.29,	715,	3,	2,	0,	8,	7,	2,	4,	5.20,	568,	2,	2,	0,	3
13,	11,	2,	8,	3.95,	784,	2,	3,	0,	8,	8,	1,	5,	5.42,	832,	2,	2,	0,	4
13,	13,	2,	10,	3.76,	797,	3,	3,	0,	8,	8,	2,	5,	4.73,	933,	2,	2,	0,	4
13,	13,	2,	9,	3.73,	851,	1,	2,	0,	8,	7,	1,	5,	4.75,	726,	2,	3,	0,	4
13,	12,	0,	9,	5.89,	745,	1,	3,	0,	8,	7,	1,	5,	6.67,	784,	1,	3,	0,	4
13,	12,	3,	7,	7.40,	1003,	1,	2,	0,	8,	8,	2,	5,	3.56,	986,	2,	2,	0,	4
13,	13,	1,	11,	3.79,	774,	1,	3,	0,	8,	7,	2,	4,	6.91,	992,	3,	2,	0,	4
13,	12,	2,	8,	3.58,	829,	2,	2,	0,	8,	7,	2,	4,	4.27,	838,	2,	2,	0,	4
13,	12,	1,	9,	6.27,	999,	2,	3,	0,	8,	7,	1,	5,	5.48,	830,	2,	3,	0,	4
13,	11,	1,	8,	5.76,	978,	1,	3,	0,	8,	8,	1,	6,	2.96,	860,	1,	3,	0,	4
13,	13,	2,	11,	4.10,	885,	3,	3,	0,	8,	8,	2,	5,	7.27,	971,	2,	2,	0,	4
13,	11,	1,	8,	3.13,	886,	3,	3,	0,	8,	7,	0,	6,	6.19,	721,	2,	3,	0,	4
13,	13,	1,	11,	4.36,	960,	1,	3,	0,	8,	8,	1,	6,	4.70,	929,	3,	3,	0,	4
13,	12,	1,	9,	5.52,	892,	3,	3,	0,	8,	8,	1,	6,	5.30,	803,	2,	3,	0,	4
13,	13,	3,	9,	3.04,	805,	3,	2,	0,	8,	7,	1,	5,	3.97,	948,	1,	3,	0,	4
13,	12,	3,	8,	6.48,	1013,	2,	2,	0,	8,	8,	1,	6,	6.54,	776,	3,	3,	0,	4
13,	13,	1,	10,	2.86,	1016,	3,	3,	0,	8,	7,	0,	6,	2.91,	955,	2,	3,	0,	4
13,	13,	3,	8,	3.14,	985,	3,	2,	0,	8,	8,	1,	6,	3.08,	961,	2,	3,	0,	4
13,	13,	1,	9,	3.43,	804,	2,	2,	0,	8,	8,	2,	5,	2.68,	861,	3,	2,	0,	4
13,	13,	2,	10,	6.48,	892,	3,	3,	0,	8,	8,	2,	5,	2.70,	1015,	3,	2,	0,	4
13,	12,	1,	9,	6.88,	837,	2,	3,	0,	8,	7,	0,	6,	3.75,	696,	3,	3,	0,	4
13,	12,	2,	8,	5.71,	850,	2,	2,	0,	8,	8,	2,	5,	4.35,	900,	3,	2,	0,	4
13,	13,	1,	10,	4.75,	1018,	2,	3,	0,	8,	7,	1,	5,	4.52,	804,	3,	3,	0,	4
13,	13,	1,	11,	4.59,	807,	2,	3,	0,	8,	8,	0,	7,	4.08,	944,	2,	3,	0,	4
13,	12,	3,	8,	5.11,	702,	2,	2,	0,	8,	8,	2,	5,	5.65,	767,	2,	2,	0,	4
13,	11,	1,	8,	6.77,	830,	1,	3,	0,	8,	7,	0,	6,	2.64,	763,	2,	3,	0,	4
13,	12,	2,	8,	3.72,	791,	3,	2,	0,	8,	8,	0,	7,	5.22,	756,	2,	3,	0,	4
13,	13,	2,	9,	6.75,	792,	1,	2,	0,	8,	8,	1,	6,	4.92,	938,	2,	3,	0,	4
13,	12,	0,	11,	2.91,	781,	2,	3,	0,	8,	8,	1,	7,	5.65,	709,	1,	3,	0,	4
13,	13,	2,	9,	3.40,	787,	2,	2,	0,	8,	7,	2,	4,	4.87,	816,	2,	2,	0,	4
13,	11,	2,	8,	3.74,	952,	1,	3,	0,	8,	7,	1,	5,	6.81,	785,	3,	3,	0,	4
13,	12,	2,	9,	6.67,	854,	2,	3,	0,	8,	8,	1,	6,	6.96,	855,	2,	3,	0,	4
13,	13,	1,	10,	4.15,	815,	2,	3,	0,	8,	8,	2,	5,	3.56,	694,	3,	2,	0,	4
13,	12,	0,	12,	7.22,	952,	3,	3,	0,	8,	7,	1,	5,	5.11,	850,	1,	3,	0,	4
13,	12,	3,	8,	5.60,	694,	1,	2,	0,	8,	8,	2,	4,	6.25,	946,	1,	2,	0,	4
13,	12,	2,	8,	3.16,	798,	2,	2,	0,	8,	7,	1,	5,	3.58,	724,	3,	3,	0,	4
13,	12,	0,	10,	5.16,	826,	1,	3,	0,	8,	8,	0,	7,	6.39,	740,	2,	3,	0,	4
13,	12,	2,	9,	6.47,	798,	2,	3,	0,	8,	8,	1,	6,	4.92,	750,	1,	3,	0,	4
13,	13,	0,	10,	4.57,	762,	2,	3,	0,	8,	7,	1,	5,	3.06,	954,	2,	3,	0,	4
13,	12,	2,	8,	2.79,	910,	2,	2,	0,	8,	8,	1,	6,	6.77,	790,	3,	3,	0,	4
13,	13,	1,	9,	3.71,	939,	2,	2,	0,	8,	8,	1,	5,	7.03,	877,	3,	2,	0,	4
13,	13,	1,	11,	6.53,	801,	2,	3,	0,	8,	7,	1,	5,	4.60,	841,	1,	3,	0,	4
13,	11,	2,	7,	5.06,	878,	2,	2,	0,	8,	7,	1,	5,	3.91,	779,	2,	3,	0,	4
13,	13,	2,	10,	2.67,	883,	2,	3,	0,	8,	8,	1,	5,	6.71,	789,	3,	2,	0,	4
13,	13,	2,	9,	3.38,	920,	2,	2,	0,	8,	8,	1,	6,	4.69,	1013,	1,	3,	0,	4
13,	13,	2,	9,	4.35,	845,	3,	2,	0,	8,	8,	1,	6,	3.82,	913,	2,	3,	0,	4
13,	12,	1,	11,	7.27,	876,	2,	3,	0,	8,	7,	0,	6,	3.74,	713,	2,	3,	0,	4
13,	13,	3,	8,	4.69,	812,	2,	2,	0,	8,	8,	1,	6,	2.63,	978,	2,	3,	0,	4
13,	13,	2,	10,	2.99,	807,	1,	3,	0,	8,	7,	2,	4,	5.67,	879,	2,	2,	0,	4
13,	11,	0,	10,	3.72,	753,	2,	3,	0,	8,	7,	2,	4,	2.52,	960,	2,	2,	0,	4
13,	13,	2,	9,	6.90,	701,	2,	2,	0,	8,	7,	0,	6,	7.00,	812,	2,	3,	0,	4
13,	13,	2,	9,	6.31,	708,	3,	2,	0,	8,	8,	1,	6,	4.69,	729,	2,	3,	0,	4
13,	12,	1,	9,	3.34,	775,	1,	3,	0,	8,	8,	1,	6,	5.83,	696,	2,	3,	0,	4
13,	12,	1,	9,	4.32,	762,	1,	3,	0,	8,	8,	2,	5,	6.57,	693,	2,	2,	0,	4
13,	12,	1,	10,	5.05,	706,	2,	3,	0,	8,	7,	1,	5,	3.68,	915,	2,	3,	0,	4
13,	13,	1,	9,	5.24,	758,	2,	2,	0,	8,	8,	2,	5,	6.89,	859,	2,	2,	0,	4
13,	11,	2,	8,	2.68,	696,	3,	3,	0,	8,	7,	1,	5,	7.37,	1017,	1,	3,	0,	4
13,	11,	2,	8,	7.50,	691,	2,	3,	0,	8,	8,	1,	6,	5.34,	950,	2,	3,	0,	4
13,	13,	1,	11,	3.00,	866,	2,	3,	0,	8,	7,	1,	5,	7.45,	916,	1,	3,	0,	4
13,	12,	1,	9,	5.12,	989,	3,	3,	0,	8,	8,	1,	5,	4.85,	717,	3,	2,	0,	4
13,	12,	1,	9,	3.40,	1013,	2,	3,	0,	8,	7,	1,	5,	3.79,	912,	2,	3,	0,	4
13,	13,	2,	9,	3.22,	768,	2,	2,	0,	8,	7,	1,	5,	2.57,	982,	3,	3,	0,	4
13,	12,	0,	10,	4.63,	738,	2,	3,	0,	8,	7,	1,	5,	4.93,	756,	2,	3,	0,	4
13,	12,	1,	10,	4.51,	996,	3,	3,	0,	8,	8,	1,	6,	3.75,	779,	2,	3,	0,	4
13,	13,	2,	9,	6.90,	986,	3,	2,	0,	8,	8,	1,	6,	5.34,	804,	1,	3,	0,	4
13,	11,	1,	9,	4.64,	748,	3,	3,	0,	8,	7,	0,	6,	2.58,	957,	3,	3,	0,	4
13,	12,	2,	9,	4.34,	807,	2,	3,	0,	8,	7,	1,	4,	5.79,	954,	1,	2,	0,	4
13,	13,	3,	8,	3.88,	805,	2,	2,	0,	8,	8,	1,	6,	4.76,	692,	1,	3,	0,	4
13,	13,	2,	9,	3.71,	892,	1,	2,	0,	8,	7,	2,	4,	2.73,	867,	1,	2,	0,	4
13,	13,	2,	9,	6.88,	945,	3,	2,	0,	8,	8,	2,	5,	4.56,	729,	2,	2,	0,	4
13,	12,	2,	8,	7.47,	997,	2,	2,	0,	8,	8,	1,	5,	7.19,	779,	2,	2,	0,	4
13,	12,	2,	9,	3.57,	884,	2,	3,	0,	8,	7,	1,	5,	5.18,	961,	2,	3,	0,	4
13,	11,	1,	8,	6.99,	1018,	1,	3,	0,	8,	8,	2,	5,	2.76,	842,	3,	2,	0,	4
13,	13,	1,	11,	6.96,	699,	1,	3,	0,	8,	7,	1,	5,	2.63,	781,	1,	3,	0,	4
13,	13,	1,	10,	3.97,	990,	2,	3,	0,	8,	8,	0,	7,	6.55,	977,	2,	3,	0,	4
13,	13,	2,	9,	3.18,	884,	2,	2,	0,	8,	7,	1,	6,	3.34,	895,	2,	3,	0,	4
13,	12,	0,	9,	7.03,	717,	3,	3,	0,	8,	8,	1,	6,	3.43,	711,	1,	3,	0,	4
13,	13,	0,	11,	6.66,	1015,	3,	3,	0,	8,	7,	1,	5,	7.20,	946,	1,	3,	0,	4
13,	13,	0,	11,	2.93,	773,	2,	3,	0,	8,	8,	1,	5,	4.81,	716,	3,	2,	0,	4
13,	13,	1,	10,	3.92,	716,	2,	3,	0,	8,	7,	1,	5,	6.64,	701,	2,	3,	0,	4
13,	12,	0,	10,	3.08,	937,	1,	3,	0,	8,	7,	1,	5,	2.92,	751,	2,	3,	0,	4
13,	11,	2,	8,	4.57,	944,	2,	3,	0,	8,	8,	1,	5,	3.74,	939,	3,	2,	0,	4
13,	11,	2,	7,	2.98,	910,	2,	2,	0,	8,	8,	1,	5,	4.82,	899,	1,	2,	0,	4
13,	13,	2,	9,	5.25,	1012,	2,	2,	0,	8,	8,	1,	6,	2.67,	749,	2,	3,	0,	4
13,	13,	2,	9,	6.44,	875,	1,	2,	0,	8,	8,	1,	6,	7.17,	698,	1,	3,	0,	4
13,	12,	2,	8,	5.67,	713,	2,	2,	0,	8,	7,	2,	4,	4.22,	791,	3,	2,	0,	4
13,	13,	2,	10,	3.93,	941,	2,	3,	0,	8,	8,	2,	5,	6.91,	806,	2,	2,	0,	4
13,	12,	2,	9,	5.19,	763,	2,	3,	0,	8,	7,	0,	6,	6.40,	758,	1,	3,	0,	4
13,	12,	1,	9,	6.33,	982,	2,	3,	0,	8,	7,	0,	6,	2.76,	866,	1,	3,	0,	4
13,	12,	1,	9,	6.25,	996,	1,	3,	0,	8,	8,	2,	5,	3.03,	876,	2,	2,	0,	4
13,	13,	1,	11,	5.64,	868,	2,	3,	0,	8,	8,	1,	6,	4.58,	759,	2,	3,	0,	4
13,	13,	2,	9,	5.43,	815,	2,	2,	0,	8,	8,	1,	5,	6.14,	901,	3,	2,	0,	4
13,	12,	2,	8,	7.41,	845,	2,	2,	0,	8,	8,	1,	6,	6.75,	773,	2,	3,	0,	4
13,	12,	2,	9,	6.01,	741,	2,	3,	0,	8,	7,	1,	5,	5.99,	963,	3,	3,	0,	4
13,	11,	2,	8,	6.65,	751,	2,	3,	0,	8,	7,	1,	5,	3.95,	745,	2,	3,	0,	4
13,	12,	2,	9,	3.99,	779,	2,	3,	0,	8,	7,	2,	4,	5.42,	727,	1,	2,	0,	4
13,	12,	2,	8,	5.04,	804,	1,	2,	0,	8,	7,	2,	4,	4.77,	766,	2,	2,	0,	4
13,	13,	1,	10,	6.83,	918,	3,	3,	0,	8,	8,	1,	5,	6.24,	704,	2,	2,	0,	4
13,	11,	2,	8,	4.70,	832,	2,	3,	0,	8,	8,	0,	7,	2.99,	973,	2,	3,	0,	4
13,	12,	2,	8,	6.09,	693,	2,	2,	0,	8,	7,	1,	5,	3.84,	910,	1,	3,	0,	4
13,	13,	1,	9,	4.22,	731,	3,	2,	0,	8,	8,	2,	4,	5.07,	708,	1,	2,	0,	4